[usb] pm3 --> data diff -a hf-mf-16B74D84-dump-023.bin -b hf-mf-A0EBE797-dump.bin
[+] Loaded 1024 bytes from binary file `hf-mf-16B74D84-dump-023.bin`
[+] Loaded 1024 bytes from binary file `hf-mf-A0EBE797-dump.bin`
[=]
[=] ----+------------------------------------------------------------------+------------------------------------------------------------------
[=]  #  | hf-mf-16B74D84-dump-023.bin                                      | hf-mf-A0EBE797-dump.bin
[=] ----+------------------------------------------------------------------+------------------------------------------------------------------
[=] 000 | 16 B7 4D 84 68 98 02 00 E3 25 00 20 00 00 00 19 ..M.h....%. .... | A0 EB E7 97 3B 98 02 00 E3 06 00 20 00 00 00 23 ....;...... ...#
[=] 010 | CE 00 10 58 11 58 12 58 13 58 00 00 00 00 00 00 ...X.X.X.X...... | CE 00 10 58 11 58 12 58 13 58 00 00 00 00 00 00 ...X.X.X.X......
[=] 020 | 00 00 00 00 00 00 00 00 00 00 00 00 02 00 02 00 ................ | 00 00 00 00 00 00 00 00 00 00 00 00 02 00 02 00 ................
[=] 030 | A0 A1 A2 A3 A4 A5 69 67 89 C2 3B 7C B6 8B D5 51 ......ig..;|...Q | A0 A1 A2 A3 A4 A5 69 67 89 C2 3B 7C B6 8B D5 51 ......ig..;|...Q
[=] 040 | 6A 67 30 36 31 34 6B 00 00 00 00 00 00 00 00 00 jg0614k......... | 6D 64 37 37 31 32 72 00 00 00 00 00 00 00 00 00 md7712r.........
[=] 050 | 30 31 00 00 00 00 00 00 00 00 00 00 00 00 00 00 01.............. | 30 31 00 00 00 00 00 00 00 00 00 00 00 00 00 00 01..............
[=] 060 | FD 4D 6E 01 00 00 00 00 00 00 00 00 00 00 00 00 .Mn............. | 21 D4 E1 01 00 00 00 00 00 00 00 00 00 00 00 00 !...............
[=] 070 | 3C BC 62 AE BC 4E 78 77 88 69 9A 42 CB 5B FD 8C <.b..Nxw.i.B.[.. | 3C BC 62 AE BC 4E 78 77 88 69 9A 42 CB 5B FD 8C <.b..Nxw.i.B.[..
[=] 080 | 41 4A 43 33 38 33 00 00 00 00 00 00 00 00 00 00 AJC383.......... | 59 48 45 43 32 00 00 00 00 00 00 00 00 00 00 00 YHEC2...........
[=] 090 | 33 30 36 36 37 32 33 32 39 00 00 00 00 00 00 00 306672329....... | 33 30 36 36 36 31 34 31 35 00 00 00 00 00 00 00 306661415.......
[=] 0A0 | 00 00 00 00 00 00 00 00 00 00 00 00 00 00 00 00 ................ | 00 00 00 00 00 00 00 00 00 00 00 00 00 00 00 00 ................
[=] 0B0 | EF 49 29 C5 74 65 78 77 88 69 7D 36 84 99 7E FD .I).texw.i}6..~. | EF 49 29 C5 74 65 78 77 88 69 7D 36 84 99 7E FD .I).texw.i}6..~.
[=] 0C0 | 32 30 32 37 2F 30 39 2F 30 31 00 00 00 00 00 00 2027/09/01...... | 32 30 32 37 2F 30 39 2F 30 31 00 00 00 00 00 00 2027/09/01......
[=] 0D0 | 32 30 32 34 2F 30 38 2F 32 39 00 00 00 00 00 00 2024/08/29...... | 32 30 32 34 2F 30 39 2F 31 30 00 00 00 00 00 00 2024/09/10......
[=] 0E0 | 56 59 50 42 47 00 00 00 00 00 00 00 00 00 00 00 VYPBG........... | 56 59 50 50 42 00 00 00 00 00 00 00 00 00 00 00 VYPPB...........
[=] 0F0 | EF 49 29 C5 74 65 78 77 88 69 7D 36 84 99 7E FD .I).texw.i}6..~. | EF 49 29 C5 74 65 78 77 88 69 7D 36 84 99 7E FD .I).texw.i}6..~.
[=] 100 | 6A 67 30 36 31 34 6B 00 00 00 00 00 00 00 00 00 jg0614k......... | 6D 64 37 37 31 32 72 00 00 00 00 00 00 00 00 00 md7712r.........
[=] 110 | 30 31 00 00 00 00 00 00 00 00 00 00 00 00 00 00 01.............. | 30 31 00 00 00 00 00 00 00 00 00 00 00 00 00 00 01..............
[=] 120 | FD 4D 6E 01 00 00 00 00 00 00 00 00 00 00 00 00 .Mn............. | 21 D4 E1 01 00 00 00 00 00 00 00 00 00 00 00 00 !...............
[=] 130 | EF 49 29 C5 74 65 78 77 88 69 7D 36 84 99 7E FD .I).texw.i}6..~. | EF 49 29 C5 74 65 78 77 88 69 7D 36 84 99 7E FD .I).texw.i}6..~.
[=] 140 | 00 00 00 00 00 00 00 00 00 00 00 00 00 00 00 00 ................ | 00 00 00 00 00 00 00 00 00 00 00 00 00 00 00 00 ................
[=] 150 | 00 00 00 00 00 00 00 00 00 00 00 00 00 00 00 00 ................ | 00 00 00 00 00 00 00 00 00 00 00 00 00 00 00 00 ................
[=] 160 | 00 00 00 00 00 00 00 00 00 00 00 00 00 00 00 00 ................ | 00 00 00 00 00 00 00 00 00 00 00 00 00 00 00 00 ................
[=] 170 | 0A EF 2D DE 40 83 78 77 88 FF 6C C0 A3 23 7C 5B ..-.@.xw..l..#|[ | 0A EF 2D DE 40 83 78 77 88 FF 6C C0 A3 23 7C 5B ..-.@.xw..l..#|[
[=] 180 | 00 00 00 00 00 00 00 00 00 00 00 00 00 00 00 00 ................ | 00 00 00 00 00 00 00 00 00 00 00 00 00 00 00 00 ................
[=] 190 | 00 00 00 00 00 00 00 00 00 00 00 00 00 00 00 00 ................ | 00 00 00 00 00 00 00 00 00 00 00 00 00 00 00 00 ................
[=] 1A0 | 00 00 00 00 00 00 00 00 00 00 00 00 00 00 00 00 ................ | 00 00 00 00 00 00 00 00 00 00 00 00 00 00 00 00 ................
[=] 1B0 | 0A EF 2D DE 40 83 78 77 88 FF 6C C0 A3 23 7C 5B ..-.@.xw..l..#|[ | 0A EF 2D DE 40 83 78 77 88 FF 6C C0 A3 23 7C 5B ..-.@.xw..l..#|[
[=] 1C0 | 00 00 00 00 00 00 00 00 00 00 00 00 00 00 00 00 ................ | 00 00 00 00 00 00 00 00 00 00 00 00 00 00 00 00 ................
[=] 1D0 | 00 00 00 00 00 00 00 00 00 00 00 00 00 00 00 00 ................ | 00 00 00 00 00 00 00 00 00 00 00 00 00 00 00 00 ................
[=] 1E0 | 00 00 00 00 00 00 00 00 00 00 00 00 00 00 00 00 ................ | 00 00 00 00 00 00 00 00 00 00 00 00 00 00 00 00 ................
[=] 1F0 | 0A EF 2D DE 40 83 78 77 88 FF 6C C0 A3 23 7C 5B ..-.@.xw..l..#|[ | 0A EF 2D DE 40 83 78 77 88 FF 6C C0 A3 23 7C 5B ..-.@.xw..l..#|[
[=] 200 | 00 00 00 00 00 00 00 00 00 00 00 00 00 00 00 00 ................ | 00 00 00 00 00 00 00 00 00 00 00 00 00 00 00 00 ................
[=] 210 | 00 00 00 00 00 00 00 00 00 00 00 00 00 00 00 00 ................ | 00 00 00 00 00 00 00 00 00 00 00 00 00 00 00 00 ................
[=] 220 | 00 00 00 00 00 00 00 00 00 00 00 00 00 00 00 00 ................ | 00 00 00 00 00 00 00 00 00 00 00 00 00 00 00 00 ................
[=] 230 | 0A EF 2D DE 40 83 78 77 88 FF 6C C0 A3 23 7C 5B ..-.@.xw..l..#|[ | 0A EF 2D DE 40 83 78 77 88 FF 6C C0 A3 23 7C 5B ..-.@.xw..l..#|[
[=] 240 | 00 00 00 00 00 00 00 00 00 00 00 00 00 00 00 00 ................ | 00 00 00 00 00 00 00 00 00 00 00 00 00 00 00 00 ................
[=] 250 | 00 00 00 00 00 00 00 00 00 00 00 00 00 00 00 00 ................ | 00 00 00 00 00 00 00 00 00 00 00 00 00 00 00 00 ................
[=] 260 | 00 00 00 00 00 00 00 00 00 00 00 00 00 00 00 00 ................ | 00 00 00 00 00 00 00 00 00 00 00 00 00 00 00 00 ................
[=] 270 | 0A EF 2D DE 40 83 78 77 88 FF 6C C0 A3 23 7C 5B ..-.@.xw..l..#|[ | 0A EF 2D DE 40 83 78 77 88 FF 6C C0 A3 23 7C 5B ..-.@.xw..l..#|[
[=] 280 | 00 00 00 00 00 00 00 00 00 00 00 00 00 00 00 00 ................ | 00 00 00 00 00 00 00 00 00 00 00 00 00 00 00 00 ................
[=] 290 | 00 00 00 00 00 00 00 00 00 00 00 00 00 00 00 00 ................ | 00 00 00 00 00 00 00 00 00 00 00 00 00 00 00 00 ................
[=] 2A0 | 00 00 00 00 00 00 00 00 00 00 00 00 00 00 00 00 ................ | 00 00 00 00 00 00 00 00 00 00 00 00 00 00 00 00 ................
[=] 2B0 | 0A EF 2D DE 40 83 78 77 88 FF 6C C0 A3 23 7C 5B ..-.@.xw..l..#|[ | 0A EF 2D DE 40 83 78 77 88 FF 6C C0 A3 23 7C 5B ..-.@.xw..l..#|[
[=] 2C0 | 00 00 00 00 00 00 00 00 00 00 00 00 00 00 00 00 ................ | 00 00 00 00 00 00 00 00 00 00 00 00 00 00 00 00 ................
[=] 2D0 | 00 00 00 00 00 00 00 00 00 00 00 00 00 00 00 00 ................ | 00 00 00 00 00 00 00 00 00 00 00 00 00 00 00 00 ................
[=] 2E0 | 00 00 00 00 00 00 00 00 00 00 00 00 00 00 00 00 ................ | 00 00 00 00 00 00 00 00 00 00 00 00 00 00 00 00 ................
[=] 2F0 | 0A EF 2D DE 40 83 78 77 88 FF 6C C0 A3 23 7C 5B ..-.@.xw..l..#|[ | 0A EF 2D DE 40 83 78 77 88 FF 6C C0 A3 23 7C 5B ..-.@.xw..l..#|[
[=] 300 | 00 00 00 00 00 00 00 00 00 00 00 00 00 00 00 00 ................ | 00 00 00 00 00 00 00 00 00 00 00 00 00 00 00 00 ................
[=] 310 | 00 00 00 00 00 00 00 00 00 00 00 00 00 00 00 00 ................ | 00 00 00 00 00 00 00 00 00 00 00 00 00 00 00 00 ................
[=] 320 | 00 00 00 00 00 00 00 00 00 00 00 00 00 00 00 00 ................ | 00 00 00 00 00 00 00 00 00 00 00 00 00 00 00 00 ................
[=] 330 | 0A EF 2D DE 40 83 78 77 88 FF 6C C0 A3 23 7C 5B ..-.@.xw..l..#|[ | 0A EF 2D DE 40 83 78 77 88 FF 6C C0 A3 23 7C 5B ..-.@.xw..l..#|[
[=] 340 | 00 00 00 00 00 00 00 00 00 00 00 00 00 00 00 00 ................ | 00 00 00 00 00 00 00 00 00 00 00 00 00 00 00 00 ................
[=] 350 | 00 00 00 00 00 00 00 00 00 00 00 00 00 00 00 00 ................ | 00 00 00 00 00 00 00 00 00 00 00 00 00 00 00 00 ................
[=] 360 | 00 00 00 00 00 00 00 00 00 00 00 00 00 00 00 00 ................ | 00 00 00 00 00 00 00 00 00 00 00 00 00 00 00 00 ................
[=] 370 | 0A EF 2D DE 40 83 78 77 88 FF 6C C0 A3 23 7C 5B ..-.@.xw..l..#|[ | 0A EF 2D DE 40 83 78 77 88 FF 6C C0 A3 23 7C 5B ..-.@.xw..l..#|[
[=] 380 | 00 00 00 00 00 00 00 00 00 00 00 00 00 00 00 00 ................ | 00 00 00 00 00 00 00 00 00 00 00 00 00 00 00 00 ................
[=] 390 | 00 00 00 00 00 00 00 00 00 00 00 00 00 00 00 00 ................ | 00 00 00 00 00 00 00 00 00 00 00 00 00 00 00 00 ................
[=] 3A0 | 00 00 00 00 00 00 00 00 00 00 00 00 00 00 00 00 ................ | 00 00 00 00 00 00 00 00 00 00 00 00 00 00 00 00 ................
[=] 3B0 | 0A EF 2D DE 40 83 78 77 88 FF 6C C0 A3 23 7C 5B ..-.@.xw..l..#|[ | 0A EF 2D DE 40 83 78 77 88 FF 6C C0 A3 23 7C 5B ..-.@.xw..l..#|[
[=] 3C0 | 00 00 00 00 00 00 00 00 00 00 00 00 00 00 00 00 ................ | 00 00 00 00 00 00 00 00 00 00 00 00 00 00 00 00 ................
[=] 3D0 | 00 00 00 00 00 00 00 00 00 00 00 00 00 00 00 00 ................ | 00 00 00 00 00 00 00 00 00 00 00 00 00 00 00 00 ................
[=] 3E0 | 00 00 00 00 00 00 00 00 00 00 00 00 00 00 00 00 ................ | 00 00 00 00 00 00 00 00 00 00 00 00 00 00 00 00 ................
[=] 3F0 | 0A EF 2D DE 40 83 78 77 88 FF 6C C0 A3 23 7C 5B ..-.@.xw..l..#|[ | 0A EF 2D DE 40 83 78 77 88 FF 6C C0 A3 23 7C 5B ..-.@.xw..l..#|[
[=] ----+------------------------------------------------------------------+------------------------------------------------------------------

[usb] pm3 --> hf mf dump --keys hf-mf-16B74D84-key-006.bin
[+] Loaded binary key file `/home/seb/Music/mdm/dumps/hf-mf-16B74D84-key-006.bin`
[=] Reading sector access bits...
[=] .................
[+] Finished reading sector access bits
[=] Dumping all blocks from card...
 🕓 Sector... 15 block... 3 ( ok )
[+] Succeeded in dumping all blocks

[+] time: 9 seconds


[=] -----+-----+-------------------------------------------------+-----------------
[=]  sec | blk | data                                            | ascii
[=] -----+-----+-------------------------------------------------+-----------------
[=]    0 |   0 | 40 ED 18 04 B1 08 04 00 62 63 64 65 66 67 68 69 | @.......bcdefghi
[=]      |   1 | CE 00 10 58 11 58 12 58 13 58 00 00 00 00 00 00 | ...X.X.X.X......
[=]      |   2 | 00 00 00 00 00 00 00 00 00 00 00 00 02 00 02 00 | ................
[=]      |   3 | A0 A1 A2 A3 A4 A5 69 67 89 C2 3B 7C B6 8B D5 51 | ......ig..;|...Q
[=]    1 |   4 | 6A 67 30 36 31 34 6B 00 00 00 00 00 00 00 00 00 | jg0614k.........
[=]      |   5 | 30 31 00 00 00 00 00 00 00 00 00 00 00 00 00 00 | 01..............
[=]      |   6 | FD 4D 6E 01 00 00 00 00 00 00 00 00 00 00 00 00 | .Mn.............
[=]      |   7 | 3C BC 62 AE BC 4E 78 77 88 69 9A 42 CB 5B FD 8C | <.b..Nxw.i.B.[..
[=]    2 |   8 | 41 4A 43 33 38 33 00 00 00 00 00 00 00 00 00 00 | AJC383..........
[=]      |   9 | 33 30 36 36 37 32 33 32 39 00 00 00 00 00 00 00 | 306672329.......
[=]      |  10 | 00 00 00 00 00 00 00 00 00 00 00 00 00 00 00 00 | ................
[=]      |  11 | EF 49 29 C5 74 65 78 77 88 69 7D 36 84 99 7E FD | .I).texw.i}6..~.
[=]    3 |  12 | 32 30 32 37 2F 30 39 2F 30 31 00 00 00 00 00 00 | 2027/09/01......
[=]      |  13 | 32 30 32 34 2F 30 38 2F 32 39 00 00 00 00 00 00 | 2024/08/29......
[=]      |  14 | 56 59 50 42 47 00 00 00 00 00 00 00 00 00 00 00 | VYPBG...........
[=]      |  15 | EF 49 29 C5 74 65 78 77 88 69 7D 36 84 99 7E FD | .I).texw.i}6..~.
[=]    4 |  16 | 6A 67 30 36 31 34 6B 00 00 00 00 00 00 00 00 00 | jg0614k.........
[=]      |  17 | 30 31 00 00 00 00 00 00 00 00 00 00 00 00 00 00 | 01..............
[=]      |  18 | FD 4D 6E 01 00 00 00 00 00 00 00 00 00 00 00 00 | .Mn.............
[=]      |  19 | EF 49 29 C5 74 65 78 77 88 69 7D 36 84 99 7E FD | .I).texw.i}6..~.
[=]    5 |  20 | 00 00 00 00 00 00 00 00 00 00 00 00 00 00 00 00 | ................
[=]      |  21 | 00 00 00 00 00 00 00 00 00 00 00 00 00 00 00 00 | ................
[=]      |  22 | 00 00 00 00 00 00 00 00 00 00 00 00 00 00 00 00 | ................
[=]      |  23 | 0A EF 2D DE 40 83 78 77 88 FF 6C C0 A3 23 7C 5B | ..-.@.xw..l..#|[
[=]    6 |  24 | 00 00 00 00 00 00 00 00 00 00 00 00 00 00 00 00 | ................
[=]      |  25 | 00 00 00 00 00 00 00 00 00 00 00 00 00 00 00 00 | ................
[=]      |  26 | 00 00 00 00 00 00 00 00 00 00 00 00 00 00 00 00 | ................
[=]      |  27 | 0A EF 2D DE 40 83 78 77 88 FF 6C C0 A3 23 7C 5B | ..-.@.xw..l..#|[
[=]    7 |  28 | 00 00 00 00 00 00 00 00 00 00 00 00 00 00 00 00 | ................
[=]      |  29 | 00 00 00 00 00 00 00 00 00 00 00 00 00 00 00 00 | ................
[=]      |  30 | 00 00 00 00 00 00 00 00 00 00 00 00 00 00 00 00 | ................
[=]      |  31 | 0A EF 2D DE 40 83 78 77 88 FF 6C C0 A3 23 7C 5B | ..-.@.xw..l..#|[
[=]    8 |  32 | 00 00 00 00 00 00 00 00 00 00 00 00 00 00 00 00 | ................
[=]      |  33 | 00 00 00 00 00 00 00 00 00 00 00 00 00 00 00 00 | ................
[=]      |  34 | 00 00 00 00 00 00 00 00 00 00 00 00 00 00 00 00 | ................
[=]      |  35 | 0A EF 2D DE 40 83 78 77 88 FF 6C C0 A3 23 7C 5B | ..-.@.xw..l..#|[
[=]    9 |  36 | 00 00 00 00 00 00 00 00 00 00 00 00 00 00 00 00 | ................
[=]      |  37 | 00 00 00 00 00 00 00 00 00 00 00 00 00 00 00 00 | ................
[=]      |  38 | 00 00 00 00 00 00 00 00 00 00 00 00 00 00 00 00 | ................
[=]      |  39 | 0A EF 2D DE 40 83 78 77 88 FF 6C C0 A3 23 7C 5B | ..-.@.xw..l..#|[
[=]   10 |  40 | 00 00 00 00 00 00 00 00 00 00 00 00 00 00 00 00 | ................
[=]      |  41 | 00 00 00 00 00 00 00 00 00 00 00 00 00 00 00 00 | ................
[=]      |  42 | 00 00 00 00 00 00 00 00 00 00 00 00 00 00 00 00 | ................
[=]      |  43 | 0A EF 2D DE 40 83 78 77 88 FF 6C C0 A3 23 7C 5B | ..-.@.xw..l..#|[
[=]   11 |  44 | 00 00 00 00 00 00 00 00 00 00 00 00 00 00 00 00 | ................
[=]      |  45 | 00 00 00 00 00 00 00 00 00 00 00 00 00 00 00 00 | ................
[=]      |  46 | 00 00 00 00 00 00 00 00 00 00 00 00 00 00 00 00 | ................
[=]      |  47 | 0A EF 2D DE 40 83 78 77 88 FF 6C C0 A3 23 7C 5B | ..-.@.xw..l..#|[
[=]   12 |  48 | 00 00 00 00 00 00 00 00 00 00 00 00 00 00 00 00 | ................
[=]      |  49 | 00 00 00 00 00 00 00 00 00 00 00 00 00 00 00 00 | ................
[=]      |  50 | 00 00 00 00 00 00 00 00 00 00 00 00 00 00 00 00 | ................
[=]      |  51 | 0A EF 2D DE 40 83 78 77 88 FF 6C C0 A3 23 7C 5B | ..-.@.xw..l..#|[
[=]   13 |  52 | 00 00 00 00 00 00 00 00 00 00 00 00 00 00 00 00 | ................
[=]      |  53 | 00 00 00 00 00 00 00 00 00 00 00 00 00 00 00 00 | ................
[=]      |  54 | 00 00 00 00 00 00 00 00 00 00 00 00 00 00 00 00 | ................
[=]      |  55 | 0A EF 2D DE 40 83 78 77 88 FF 6C C0 A3 23 7C 5B | ..-.@.xw..l..#|[
[=]   14 |  56 | 00 00 00 00 00 00 00 00 00 00 00 00 00 00 00 00 | ................
[=]      |  57 | 00 00 00 00 00 00 00 00 00 00 00 00 00 00 00 00 | ................
[=]      |  58 | 00 00 00 00 00 00 00 00 00 00 00 00 00 00 00 00 | ................
[=]      |  59 | 0A EF 2D DE 40 83 78 77 88 FF 6C C0 A3 23 7C 5B | ..-.@.xw..l..#|[
[=]   15 |  60 | 00 00 00 00 00 00 00 00 00 00 00 00 00 00 00 00 | ................
[=]      |  61 | 00 00 00 00 00 00 00 00 00 00 00 00 00 00 00 00 | ................
[=]      |  62 | 00 00 00 00 00 00 00 00 00 00 00 00 00 00 00 00 | ................
[=]      |  63 | 0A EF 2D DE 40 83 78 77 88 FF 6C C0 A3 23 7C 5B | ..-.@.xw..l..#|[
[=] -----+-----+-------------------------------------------------+-----------------
[?] Hint: MAD key detected. Try `hf mf mad` for more details

[+] Saved 1024 bytes to binary file `/home/seb/Music/mdm/dumps/hf-mf-40ED1804-dump-003.bin`
[+] Saved to json file /home/seb/Music/mdm/dumps/hf-mf-40ED1804-dump-003.json
[usb] pm3 --> data diff -a hf-mf-16B74D84-dump-023.bin -b hf-mf-40ED1804-dump-003.bin
[+] Loaded 1024 bytes from binary file `hf-mf-16B74D84-dump-023.bin`
[+] Loaded 1024 bytes from binary file `hf-mf-40ED1804-dump-003.bin`
[=]
[=] ----+------------------------------------------------------------------+------------------------------------------------------------------
[=]  #  | hf-mf-16B74D84-dump-023.bin                                      | hf-mf-40ED1804-dump-003.bin
[=] ----+------------------------------------------------------------------+------------------------------------------------------------------
[=] 000 | 16 B7 4D 84 68 98 02 00 E3 25 00 20 00 00 00 19 ..M.h....%. .... | 40 ED 18 04 B1 08 04 00 62 63 64 65 66 67 68 69 @.......bcdefghi
[=] 010 | CE 00 10 58 11 58 12 58 13 58 00 00 00 00 00 00 ...X.X.X.X...... | CE 00 10 58 11 58 12 58 13 58 00 00 00 00 00 00 ...X.X.X.X......
[=] 020 | 00 00 00 00 00 00 00 00 00 00 00 00 02 00 02 00 ................ | 00 00 00 00 00 00 00 00 00 00 00 00 02 00 02 00 ................
[=] 030 | A0 A1 A2 A3 A4 A5 69 67 89 C2 3B 7C B6 8B D5 51 ......ig..;|...Q | A0 A1 A2 A3 A4 A5 69 67 89 C2 3B 7C B6 8B D5 51 ......ig..;|...Q
[=] 040 | 6A 67 30 36 31 34 6B 00 00 00 00 00 00 00 00 00 jg0614k......... | 6A 67 30 36 31 34 6B 00 00 00 00 00 00 00 00 00 jg0614k.........
[=] 050 | 30 31 00 00 00 00 00 00 00 00 00 00 00 00 00 00 01.............. | 30 31 00 00 00 00 00 00 00 00 00 00 00 00 00 00 01..............
[=] 060 | FD 4D 6E 01 00 00 00 00 00 00 00 00 00 00 00 00 .Mn............. | FD 4D 6E 01 00 00 00 00 00 00 00 00 00 00 00 00 .Mn.............
[=] 070 | 3C BC 62 AE BC 4E 78 77 88 69 9A 42 CB 5B FD 8C <.b..Nxw.i.B.[.. | 3C BC 62 AE BC 4E 78 77 88 69 9A 42 CB 5B FD 8C <.b..Nxw.i.B.[..
[=] 080 | 41 4A 43 33 38 33 00 00 00 00 00 00 00 00 00 00 AJC383.......... | 41 4A 43 33 38 33 00 00 00 00 00 00 00 00 00 00 AJC383..........
[=] 090 | 33 30 36 36 37 32 33 32 39 00 00 00 00 00 00 00 306672329....... | 33 30 36 36 37 32 33 32 39 00 00 00 00 00 00 00 306672329.......
[=] 0A0 | 00 00 00 00 00 00 00 00 00 00 00 00 00 00 00 00 ................ | 00 00 00 00 00 00 00 00 00 00 00 00 00 00 00 00 ................
[=] 0B0 | EF 49 29 C5 74 65 78 77 88 69 7D 36 84 99 7E FD .I).texw.i}6..~. | EF 49 29 C5 74 65 78 77 88 69 7D 36 84 99 7E FD .I).texw.i}6..~.
[=] 0C0 | 32 30 32 37 2F 30 39 2F 30 31 00 00 00 00 00 00 2027/09/01...... | 32 30 32 37 2F 30 39 2F 30 31 00 00 00 00 00 00 2027/09/01......
[=] 0D0 | 32 30 32 34 2F 30 38 2F 32 39 00 00 00 00 00 00 2024/08/29...... | 32 30 32 34 2F 30 38 2F 32 39 00 00 00 00 00 00 2024/08/29......
[=] 0E0 | 56 59 50 42 47 00 00 00 00 00 00 00 00 00 00 00 VYPBG........... | 56 59 50 42 47 00 00 00 00 00 00 00 00 00 00 00 VYPBG...........
[=] 0F0 | EF 49 29 C5 74 65 78 77 88 69 7D 36 84 99 7E FD .I).texw.i}6..~. | EF 49 29 C5 74 65 78 77 88 69 7D 36 84 99 7E FD .I).texw.i}6..~.
[=] 100 | 6A 67 30 36 31 34 6B 00 00 00 00 00 00 00 00 00 jg0614k......... | 6A 67 30 36 31 34 6B 00 00 00 00 00 00 00 00 00 jg0614k.........
[=] 110 | 30 31 00 00 00 00 00 00 00 00 00 00 00 00 00 00 01.............. | 30 31 00 00 00 00 00 00 00 00 00 00 00 00 00 00 01..............
[=] 120 | FD 4D 6E 01 00 00 00 00 00 00 00 00 00 00 00 00 .Mn............. | FD 4D 6E 01 00 00 00 00 00 00 00 00 00 00 00 00 .Mn.............
[=] 130 | EF 49 29 C5 74 65 78 77 88 69 7D 36 84 99 7E FD .I).texw.i}6..~. | EF 49 29 C5 74 65 78 77 88 69 7D 36 84 99 7E FD .I).texw.i}6..~.
[=] 140 | 00 00 00 00 00 00 00 00 00 00 00 00 00 00 00 00 ................ | 00 00 00 00 00 00 00 00 00 00 00 00 00 00 00 00 ................
[=] 150 | 00 00 00 00 00 00 00 00 00 00 00 00 00 00 00 00 ................ | 00 00 00 00 00 00 00 00 00 00 00 00 00 00 00 00 ................
[=] 160 | 00 00 00 00 00 00 00 00 00 00 00 00 00 00 00 00 ................ | 00 00 00 00 00 00 00 00 00 00 00 00 00 00 00 00 ................
[=] 170 | 0A EF 2D DE 40 83 78 77 88 FF 6C C0 A3 23 7C 5B ..-.@.xw..l..#|[ | 0A EF 2D DE 40 83 78 77 88 FF 6C C0 A3 23 7C 5B ..-.@.xw..l..#|[
[=] 180 | 00 00 00 00 00 00 00 00 00 00 00 00 00 00 00 00 ................ | 00 00 00 00 00 00 00 00 00 00 00 00 00 00 00 00 ................
[=] 190 | 00 00 00 00 00 00 00 00 00 00 00 00 00 00 00 00 ................ | 00 00 00 00 00 00 00 00 00 00 00 00 00 00 00 00 ................
[=] 1A0 | 00 00 00 00 00 00 00 00 00 00 00 00 00 00 00 00 ................ | 00 00 00 00 00 00 00 00 00 00 00 00 00 00 00 00 ................
[=] 1B0 | 0A EF 2D DE 40 83 78 77 88 FF 6C C0 A3 23 7C 5B ..-.@.xw..l..#|[ | 0A EF 2D DE 40 83 78 77 88 FF 6C C0 A3 23 7C 5B ..-.@.xw..l..#|[
[=] 1C0 | 00 00 00 00 00 00 00 00 00 00 00 00 00 00 00 00 ................ | 00 00 00 00 00 00 00 00 00 00 00 00 00 00 00 00 ................
[=] 1D0 | 00 00 00 00 00 00 00 00 00 00 00 00 00 00 00 00 ................ | 00 00 00 00 00 00 00 00 00 00 00 00 00 00 00 00 ................
[=] 1E0 | 00 00 00 00 00 00 00 00 00 00 00 00 00 00 00 00 ................ | 00 00 00 00 00 00 00 00 00 00 00 00 00 00 00 00 ................
[=] 1F0 | 0A EF 2D DE 40 83 78 77 88 FF 6C C0 A3 23 7C 5B ..-.@.xw..l..#|[ | 0A EF 2D DE 40 83 78 77 88 FF 6C C0 A3 23 7C 5B ..-.@.xw..l..#|[
[=] 200 | 00 00 00 00 00 00 00 00 00 00 00 00 00 00 00 00 ................ | 00 00 00 00 00 00 00 00 00 00 00 00 00 00 00 00 ................
[=] 210 | 00 00 00 00 00 00 00 00 00 00 00 00 00 00 00 00 ................ | 00 00 00 00 00 00 00 00 00 00 00 00 00 00 00 00 ................
[=] 220 | 00 00 00 00 00 00 00 00 00 00 00 00 00 00 00 00 ................ | 00 00 00 00 00 00 00 00 00 00 00 00 00 00 00 00 ................
[=] 230 | 0A EF 2D DE 40 83 78 77 88 FF 6C C0 A3 23 7C 5B ..-.@.xw..l..#|[ | 0A EF 2D DE 40 83 78 77 88 FF 6C C0 A3 23 7C 5B ..-.@.xw..l..#|[
[=] 240 | 00 00 00 00 00 00 00 00 00 00 00 00 00 00 00 00 ................ | 00 00 00 00 00 00 00 00 00 00 00 00 00 00 00 00 ................
[=] 250 | 00 00 00 00 00 00 00 00 00 00 00 00 00 00 00 00 ................ | 00 00 00 00 00 00 00 00 00 00 00 00 00 00 00 00 ................
[=] 260 | 00 00 00 00 00 00 00 00 00 00 00 00 00 00 00 00 ................ | 00 00 00 00 00 00 00 00 00 00 00 00 00 00 00 00 ................
[=] 270 | 0A EF 2D DE 40 83 78 77 88 FF 6C C0 A3 23 7C 5B ..-.@.xw..l..#|[ | 0A EF 2D DE 40 83 78 77 88 FF 6C C0 A3 23 7C 5B ..-.@.xw..l..#|[
[=] 280 | 00 00 00 00 00 00 00 00 00 00 00 00 00 00 00 00 ................ | 00 00 00 00 00 00 00 00 00 00 00 00 00 00 00 00 ................
[=] 290 | 00 00 00 00 00 00 00 00 00 00 00 00 00 00 00 00 ................ | 00 00 00 00 00 00 00 00 00 00 00 00 00 00 00 00 ................
[=] 2A0 | 00 00 00 00 00 00 00 00 00 00 00 00 00 00 00 00 ................ | 00 00 00 00 00 00 00 00 00 00 00 00 00 00 00 00 ................
[=] 2B0 | 0A EF 2D DE 40 83 78 77 88 FF 6C C0 A3 23 7C 5B ..-.@.xw..l..#|[ | 0A EF 2D DE 40 83 78 77 88 FF 6C C0 A3 23 7C 5B ..-.@.xw..l..#|[
[=] 2C0 | 00 00 00 00 00 00 00 00 00 00 00 00 00 00 00 00 ................ | 00 00 00 00 00 00 00 00 00 00 00 00 00 00 00 00 ................
[=] 2D0 | 00 00 00 00 00 00 00 00 00 00 00 00 00 00 00 00 ................ | 00 00 00 00 00 00 00 00 00 00 00 00 00 00 00 00 ................
[=] 2E0 | 00 00 00 00 00 00 00 00 00 00 00 00 00 00 00 00 ................ | 00 00 00 00 00 00 00 00 00 00 00 00 00 00 00 00 ................
[=] 2F0 | 0A EF 2D DE 40 83 78 77 88 FF 6C C0 A3 23 7C 5B ..-.@.xw..l..#|[ | 0A EF 2D DE 40 83 78 77 88 FF 6C C0 A3 23 7C 5B ..-.@.xw..l..#|[
[=] 300 | 00 00 00 00 00 00 00 00 00 00 00 00 00 00 00 00 ................ | 00 00 00 00 00 00 00 00 00 00 00 00 00 00 00 00 ................
[=] 310 | 00 00 00 00 00 00 00 00 00 00 00 00 00 00 00 00 ................ | 00 00 00 00 00 00 00 00 00 00 00 00 00 00 00 00 ................
[=] 320 | 00 00 00 00 00 00 00 00 00 00 00 00 00 00 00 00 ................ | 00 00 00 00 00 00 00 00 00 00 00 00 00 00 00 00 ................
[=] 330 | 0A EF 2D DE 40 83 78 77 88 FF 6C C0 A3 23 7C 5B ..-.@.xw..l..#|[ | 0A EF 2D DE 40 83 78 77 88 FF 6C C0 A3 23 7C 5B ..-.@.xw..l..#|[
[=] 340 | 00 00 00 00 00 00 00 00 00 00 00 00 00 00 00 00 ................ | 00 00 00 00 00 00 00 00 00 00 00 00 00 00 00 00 ................
[=] 350 | 00 00 00 00 00 00 00 00 00 00 00 00 00 00 00 00 ................ | 00 00 00 00 00 00 00 00 00 00 00 00 00 00 00 00 ................
[=] 360 | 00 00 00 00 00 00 00 00 00 00 00 00 00 00 00 00 ................ | 00 00 00 00 00 00 00 00 00 00 00 00 00 00 00 00 ................
[=] 370 | 0A EF 2D DE 40 83 78 77 88 FF 6C C0 A3 23 7C 5B ..-.@.xw..l..#|[ | 0A EF 2D DE 40 83 78 77 88 FF 6C C0 A3 23 7C 5B ..-.@.xw..l..#|[
[=] 380 | 00 00 00 00 00 00 00 00 00 00 00 00 00 00 00 00 ................ | 00 00 00 00 00 00 00 00 00 00 00 00 00 00 00 00 ................
[=] 390 | 00 00 00 00 00 00 00 00 00 00 00 00 00 00 00 00 ................ | 00 00 00 00 00 00 00 00 00 00 00 00 00 00 00 00 ................
[=] 3A0 | 00 00 00 00 00 00 00 00 00 00 00 00 00 00 00 00 ................ | 00 00 00 00 00 00 00 00 00 00 00 00 00 00 00 00 ................
[=] 3B0 | 0A EF 2D DE 40 83 78 77 88 FF 6C C0 A3 23 7C 5B ..-.@.xw..l..#|[ | 0A EF 2D DE 40 83 78 77 88 FF 6C C0 A3 23 7C 5B ..-.@.xw..l..#|[
[=] 3C0 | 00 00 00 00 00 00 00 00 00 00 00 00 00 00 00 00 ................ | 00 00 00 00 00 00 00 00 00 00 00 00 00 00 00 00 ................
[=] 3D0 | 00 00 00 00 00 00 00 00 00 00 00 00 00 00 00 00 ................ | 00 00 00 00 00 00 00 00 00 00 00 00 00 00 00 00 ................
[=] 3E0 | 00 00 00 00 00 00 00 00 00 00 00 00 00 00 00 00 ................ | 00 00 00 00 00 00 00 00 00 00 00 00 00 00 00 00 ................
[=] 3F0 | 0A EF 2D DE 40 83 78 77 88 FF 6C C0 A3 23 7C 5B ..-.@.xw..l..#|[ | 0A EF 2D DE 40 83 78 77 88 FF 6C C0 A3 23 7C 5B ..-.@.xw..l..#|[
[=] ----+------------------------------------------------------------------+------------------------------------------------------------------

[usb] pm3 -->
